Source	Target	onsr_loss	delay
0	76	3	87.9
0	117	1	0.01
0	76	3	47.15
0	25	3	84
0	76	2	58.3
0	3	3	80.4
0	76	2	58.3
1	46	3	108.2
1	59	3	100.3
2	59	3	100.3
2	46	3	108.2
3	89	1	0.01
3	5	1	18.4
3	7	1	12.7
3	10	6	152.1
3	6	1	23.8
4	115	1	0.01
4	50	3	82.3
4	5	1	24.1
4	3	1	11.8
4	6	1	23.8
4	7	1	12.7
4	25	1	30.9
4	50	3	82.3
5	115	1	25
5	89	1	19
5	129	1	3
6	82	2	14.2
8	10	4	83.4
8	24	5	89.6
9	22	3	78.05
9	43	4	90.61
9	22	3	78
9	43	4	91.03
9	54	1	12.29
9	21	4	82.25
9	22	3	78.05
10	83	1	0.01
10	25	5	133.38
10	109	2	76.26
10	76	2	52.3
10	46	2	76.1
10	25	5	129.8
10	18	3	74.3
11	27	3	50.49
11	28	3	60.38
11	80	4	83
11	28	3	66.3
11	93	4	83.79
11	57	5	114.44
11	69	4	83.13
12	32	4	84.4
12	49	6	139.9
12	96	5	117.87
12	32	4	84.71
12	60	5	126.9
12	99	5	117.8
12	127	7	158.53
13	56	3	55.96
13	96	4	83.17
13	99	4	84.4
13	56	3	55.8
13	58	2	36.5
13	62	5	132
14	32	3	66.5
15	60	4	81.2
15	32	3	66.5
16	13	1	0.01
16	68	4	81.43
16	55	3	112.4
16	11	4	87.63
16	128	88	236.2
17	45	1	0.01
17	85	3	65.88
17	82	3	72
17	50	1	30.6
18	47	1	0.01
18	51	3	67.6
18	72	6	145.3
18	20	3	78.2
18	71	6	145.3
18	19	3	78.2
19	60	4	47.3
20	113	1	18.77
20	60	4	47.3
21	79	5	108.5
21	70	5	105.71
21	22	1	11.8
21	22	1	9.13
22	81	5	87.2
23	78	1	11.5
23	39	1	0.01
23	40	2	43.18
23	43	1	12.6
23	29	1	8.6
23	65	4	75.94
24	113	1	18.77
24	41	6	109.3
24	59	1	18.7
24	60	6	115
24	62	6	176.2
24	128	1	3
25	110	3	69.38
25	37	2	1.6
25	75	3	69.2
25	74	3	69.2
25	37	2	40.7
25	73	3	99.2
26	124	1	36
26	130	1	11.6
27	81	5	100
27	70	5	118.4
27	28	1	8.95
28	79	5	105.3
28	70	5	108.05
29	78	1	12
29	123	1	0.01
29	78	1	12.6
29	43	1	11.5
29	67	5	91.6
29	40	3	53.2
30	104	3	57.61
30	32	1	9.7
30	26	1	10.8
30	25	5	128.3
30	32	1	8.5
30	33	1	16.5
30	124	1	11
31	32	1	0.01
31	53	3	70.19
31	112	2	43.8
31	130	1	3
31	67	4	75.3
31	52	5	97.7
32	94	3	66.64
32	95	3	66.64
32	102	4	80.96
32	48	4	80.8
32	33	1	9.9
32	77	4	80.4
32	130	1	3
34	43	1	25.37
34	37	1	0.01
34	23	2	44.2
35	30	1	0.01
35	52	4	82.18
35	31	1	10.1
35	53	3	72.6
35	114	2	42.72
35	112	2	42.7
35	66	3	57.6
36	41	4	84.8
36	110	4	79.49
36	90	5	127.36
36	73	4	47.5
36	90	5	127.26
36	60	4	84
36	75	4	99.8
36	74	4	99.8
37	44	1	22.86
37	39	2	43.7
38	50	1	13.2
38	101	2	40.32
38	100	2	40.32
38	72	2	40.2
38	50	1	13.2
38	71	2	40.2
38	131	2	40.96
39	84	1	29.5
39	40	2	43.18
39	122	4	77.22
39	42	1	11.5
39	123	1	8.9
39	44	1	9.7
40	52	1	21.72
40	53	1	20.5
40	126	1	20.112
40	126	1	17.91
41	108	4	87.56
41	105	4	87.56
41	107	4	87.56
41	94	4	81.42
41	95	4	81.42
42	78	1	0.01
42	44	1	12.9
43	78	1	12
43	44	1	0.01
45	115	1	31.2
45	117	4	84
45	125	1	12
45	129	1	24
46	109	1	0.01
46	98	4	108.41
47	83	3	77.37
47	103	3	71
47	92	3	71
47	108	3	77.16
47	105	3	77.16
47	106	3	77.16
47	107	3	77.16
47	101	6	141.48
47	100	6	141.48
49	111	3	99.33
49	91	3	99.33
49	63	3	99.2
49	64	3	99.2
49	127	1	21.5
50	45	1	30.1
52	53	1	9
52	116	1	14.39
53	124	1	95.3
53	116	1	12.24
54	23	4	75.16
54	21	5	105.7
54	23	4	75.3
54	104	4	73.39
54	114	6	128.14
54	23	4	88.98
54	66	4	72.5
54	21	5	105.39
54	112	6	127.76
55	56	1	0.01
55	57	1	10.96
56	49	4	94.94
56	58	1	13.4
57	58	1	0.01
59	113	1	0.01
59	64	4	87.7
59	98	4	118.09
59	63	4	87.7
60	41	1	0.01
61	109	1	7.51
61	117	2	58.4
61	120	2	49.98
76	61	1	0.01
76	46	1	7.51
78	84	2	40
83	61	2	52.46
83	45	5	133.38
83	128	8	173.13
85	83	2	67.5
86	117	1	25
86	87	1	10
87	117	2	43
87	129	4	87.42
87	83	4	97.6
88	12	1	0.01
88	114	2	53.71
88	112	2	56.4
88	31	4	77.4
88	68	5	107.69
89	125	1	31.5
89	117	3	80.49
90	103	4	97.1
90	92	4	97.1
90	51	4	94.6
91	113	4	86.2
93	114	3	63.12
97	113	4	118.09
97	109	4	108.41
100	106	2	13
109	120	2	40.42
111	113	4	86.2
112	80	3	61
112	114	1	0.01
112	65	4	88.9
112	69	3	60.85
113	121	5	127.51
116	126	1	17.91
116	126	1	20.112
117	119	1	11.62
118	109	4	108.41
118	113	4	118.09
120	121	1	22.33
122	114	4	83.19
123	102	5	96.69
123	77	5	96.4
123	44	1	10.6
123	42	1	11.8
123	48	5	96.4
124	130	1	18.4
125	131	1	6.03
86	120	1	53.71
86	128	1	56.4
17	20	2	77.4
17	118	2	107.69
34	29	5	31.5
34	98	8	80.49
97	63	2	97.1
97	15	1	97.1
15	118	1	94.6
15	51	2	86.2
118	0	4	63.12
118	8	4	118.09
9	17	1	108.41
9	11	2	13
16	35	2	40.42
